1624868174685765450127464409662533958131908425896952807116784921698846030078281
7760587804569342987266477158761153612558566941782170411072016191340028806682821
812823304301436321681789249824179233061369265219270175839270423609186601304297
1592249575978686596001771963154904658278525318283261526116376823236277173188521
4236153233721947289112870252935055500585353754401611630557153525541425227937401
2196162546834563210367415644273279811743029779490512934076623523932562842780681
2072076861046598380570449721621855701323157982795513177847974137978909485200162
1274602575184114871836318147442862311940933536044625063378423927620716411109541
5007284323957725754392404074845972402167154398865670674877682538661167523471311
4739712677939987404813588977449568572542339245820100064269808308035364033388099
8854391981843824905183527765291102964705136640586841723890311052561160705361275
2729997665742967689996243194670303173071381760878679274634499338722734826102692
93933031023326568971093092155299569595561128538551153870796919609364753449922
821803149509443901591530751240917009848411659182504014361767357432493501097435
6229218298373455097786021893559780364835686068229215240846313382021254645005041
586779112446223142315978493436050009116132596518695875786889691404398258107978
3171827908648067739814282098399901788557500856250585926676841730812281097988384
9212228476408508618047902605611398108755786144384981796962288267675692924160301
2093729760457232432717475660950854645634875604828051344502272063603930629691044
6295459587828151562989583896697026395597332095653101711695967301671093078488161
7092155652891023925228179762233443914176602102387457763085402176409858278458779
255935014539766572166450936193400756067811886363484505887421706888520866549123
283321578921402576398102279606267835867032106003419613583320532718621740685021
657747213978428271733066572545111465438560897780767052340154189223798932072333
9031455986407799862029969958281448031002671091998928894124477957440187549165151
9177975873445911725397989838484470798732495275768350038461160122646483306850163
5856836763658822039541723293958558605633250875618827056114531056559228428001424
7052346590285953504156729716356207638078022712985032555928516427473321547139474
1079259865780713286200164676837926297039500333914856517822068223958917191423403
3765879385763383226538385778634672579814174192978501801949856824138683225714412
8386739195886546253032288698247095467812527653467208937850990915504795045276375
7647716320137749671447473998441381207385218685713062366952623472917380356951271
5925041441536816732382384980479351314408186281540581418163265970199927431214486
3662202412704866579520779355766639689787629547670080454173355295698549891922335
5683116381557450995057498499547611035970335759289489342786388549509236467339334
1278592263020082729641921316193130223343116392879207265886083735911805875154153
219259502189106693134364949414897592874563990273136052279261536564299061767611
209890449175093299479489958643430103200822026610441765191496188954266426397652
1046125491450660250145227853967662687054362440483954933124576151837962907039561
7670513629440337432381571260677855499721049164330141157647811494449952956779651
4476613035694367670898637846205910983222992273968225253161280598855594448980507
1845387175922033118752016165338297109326853335749214716371553036389326800812323
5361323045701563675751094541246576381920462756264770853433434425939105320010854
1547623060003780709710037329689386296020053881839637547060725744197861973902691
5318569879271601725110490326760777640794826821040994710713228168449989511822887
6956020902242425394148535938555167832747213007205369156170309208661722316211181
7665147187345549654858471837302838502292142195158589160316656823238735435122562
6769852300719277204210018950043236629190834997275528504940283299117367893271007
8175234183428803791037174753606441920696360787100572291143933778080696120502202
8763811267671220721980714648185401844647754672267154756078621629055417367253331
4980871607851565738007220880952282639464131523298350348111663240062927066752762
118107812592333619949612322737592944518280302085066210205568221642347610938939
4805056747196596899004629220137380366806570700535615511425798192970532242581825
6014853325123281112985994735130490256231610460664127605781216353370485129221656
3743982113203631220315461761446200266809174971247324780254496211546266643897916
7713962425814684144261034289415620291560507646299659738968304823228194809471145
6489888485108814382584071222741194414298623808242243158946719783624265564260647
3590653338831870943608890031770494604689228711747349697160588728404642547745231
6652131178015238738086177331727166468567313445531006697597371022501481815332653
9358936123391217321240656947561981546493157523125313252824219936819863761176961
9734295087698699157435057709032827523008154678496017565391186445109881529245515
4381421509850987939476560121028150007770188576090991652761558790912609360519367
5736577452154268995664335417271546756139905117224917583999271819301280006507062
6762315729564238064643295097546469220478748336922288424082570457658088048749583
6389069710310206294189949157788296783119837863977931317797499351468000802569991
127011642434435718362103319003598650840553744895176413337669854048774881833311
1640618409229780844652258093976414716723016322973196961865293838151564094352901
3896619391759262675904973136116302133812015349958840101835607659280248114872141
4344597748803272650343548875797734082284061364107915063369120913620092187110708
905792583455558852024850280677501706832664657826346202030897488456122819406932
5094253988276487818593844151699436005389702229055057597120193880142843353187173
2149025546450463759765342595558300729152218377137481910650660816138163989707711
3797432906669400343680597439449504072093011996232772918809376588719214130590012
4771327815366335291112649974541294801091754074497992999846947313360893308295326
4435155094560286169886730353077045951004324456327791754051089992322614505494116
2041828054497272342236974741782767456466228785549105547159294188040940909105492
3018475977109772511809336228261851657459575285875173957415527374627484311849521
1081842449322508102458447631457282254318129374746249242110183285045179058088726
6831394220482193971941362883745530564511840568098308040288236771566778769306912
30685519611931154293877265172639773264290985543650402262172518789028111753122
4493247077064169741195071072961003556979665433573244246738809290868641196571047
4192885575085965788115007285252076240857272759388243023593243980670894158034533
5914650134094235623062512704858382718118053832615933683364583455322918207039761
6322162554203302167533164689925313309601473298920253059482770047092950319059325
8665483477537768326913132783438522954327857579659122502378419670654934942310201
7747618243452635917574916293093485679005436870418416280802957366817988635147832
8324646269438008213681208358934161491926106293430140746209885233183222645952977
3160103505929894345708052935925860034574471736652191904223498183497736748928951
6305262781609340442396941162131251470264421801238276053884338239408929259541399
3508174564663196438421432451903693363858132781981963742404370209912769420981399
9370564459026078682549041164610001382050058911039449759372943051179963907563282
1468422648454287534167277614354669740629931475888558191301615052264010104489125
6143497805469687450198377357132216428464389134547689352982406126452604859331664
9703412583912904257088566766745897681499502986417555096448619272125914655378567
9939167460155198534396096752046428153412595929278690745476635846496992095220047
1331150644764560711492045136253243431399351486388137802749349428058396000608049
267262370699003429838026859119305821490420126898453999904884117408505816196471
3029027355320484955699632333560099941361945289529776386654595175655232582249581
1823512398880395228565295460971645424505757220630060209950298956287009725771056
6482927696839296006292875039233777271295399463751884117007101956598680159425604
7390982669541854349323346468062628291630159887637194623766717290669225439231131
5738305153848756140395660884032372613203016762820146313947493941706613666134684
4901428286179566477574230467784459220010497856966066922399415032168408787111783
1515141549948295273911305558604366801484530265693628199345911737053077655152008
3324653993405190468188447572578171989874125862706167783558384259194152671675736
1199805378360591180799441788742784165186705940770292008286905129877167626299461
5483293897833541395011659617515327675875442054490660758787735083340219961071816
9120065452124981691176365544042072662726412016084287434998116755104076507507542
5224363353494542764204863653482716238590086282885748018114190247108433624880893
4520692297293649566334152768163972469234344250574055702315651084373848284274151
2721739931996774606274565758735061295732974636012539831679141678489637347194653
6119333231413130661819867505083977189151991644544845718879774749428582488280322
3910631318293039324428434291829119783755742580445138488185455334624726366672637
5527597504162426469790081994512252061236324676199840735206221917044909283505638
2276397187649877031309867163314892158048457237136512632197967141453407976592662
7278497363859307261552106608414942812132776367966713772591300295757307462366373
4806363205908698566816860748824633033839776484180580490929015143546675321072714
8818787808998477359932941460529982442139954703864417624704141891208626450909756
5577768640749627981656259695768986404583467785106329825871696131624938263405482
7330434284601163914460889787214370104100087652971535377640974385309139054774192
1636417385573296709951310852072343788196654710787102233633937214566367436910844
2064109189414520557323057501143422155439510669407554069656977678545444091207731
783194271771520369735884580861701145649197802698566856858785725783028829683041
489994132134141795469017813097593471181416469632748287655407622603777034053868
910006158041104416108585996353356886129815289612581773474127251436999411728797
2044769086781146422996248331302788440926251257775602880998937899185310174244983
5811166966996153773439613923287945884172296639961891114722607906472668360477721
4859960457041753666535356569947572668312294029453438625446558298960173288071934
2509033437779177802460282399956520126654298514784993668091405138422785827760537
1406372174345891628285454348398945391724611540867618785669010477464005309996889
9100209262851623629967372856883449416988445357086771331238788433099226091396203
1399897381348329449120930054491366114758258061324517177573439259507591776505983
9645911536618355894012659322941618289042893683574470902294595876191020407240982
9008464915613077432034275997334387886901062323249452218048161690163456300123796
4811177056503963942342728645056668711200075680080037208266170739760589638179153
3681363523962989419211504275725505183508811322537303596006302158173808171825466
4663383943184404915179398886243474981230180760127869519281490987815543618971754
4435669975256859680088132433247024877590817972449119203160268021710656343024684
1231649363518123563336947474151183036362581492319897505782627833743823779348492
9283317661608479790172274766022883341494068546175758007805223452689374832782308
8646484031633066412030407794684236855897681073800195279442729270153055873073574
7086637281361889479493033853531575887864568779711611902486549534343620173855332
8224203684845785262203732113300656557080236043711297786155528939084726773944913
9184538585244294871160075741993539700832093062982298886202941553769547553955141
4870985479692634575305505109471409462355052893649657865912379398113723431341724
7853463199917646106919907587029157617086238301778421963355086964851498803419157
638519090346566753511618390992489222304023333076293730168312978061763620805298
5062034295771610811628009887552982025324564151490581030654231239443226889156211
1439741917483259597336225831997481339484287246883730212452128462288548746174011
9561658391056815853160485133341403545131641107600671650778257154281744154986283
6438762443111717015838664476709298687150671504174660476194579246398488549157836
1846805156279810072683473562221709466406208955466972825372663744014237393864221
995562515800354970144610260475321505419157062735869020839421268442938825145164
1620643329111860093738917924475582909831809488262693282741207829773704068005659
864616126039138701982630513863266932258684467895612285335513813016391767989421
7716309374636086533195058976739181517765178506509580504145951881451378891174332
7016410704342037981179465845951112408273241634802043749317025907590293744533847
2601832729422058038361778696970240415783616379913657034716870111732053268761982
4551162243772770968950933632732630018814188329300482824386398542407631933561241
8750251412527788467155137935486949102270256160505898656691210455165110996162183
9189320178459602195243332886518393249818114370491305584343154216329570571151362
8872504564140322772699466451918301824148961985834462796877962472666604511273924
4293242590542644524775171175479762581644281958216477528237233316393094228613203
913935789023364898248069517882919122263448772110091665618463569504697515247212
5066842718565527945491733460364763063505515877976732156263880043675763041095604
9971458196740132279388238211323656135889117574091228148851228557294602415525111
5144455589690402997021490628416199511399872192482744494430298415890230600228179
4293751261927008556603856704889306066402631341217980320342431121479941037538921
2623129305013293970077689557250189552936649213818577871848705226540825117499212
2980982056032913943601101520277832095658485634550305741052127852809566199932451
9624608383198753210049971447324508998955207879926501451006603579596814679601455
1419865574336857525084618507400084162715352665094227684903309349450739117270286
3946059007831342111189928531461540960011927784179173199706352644208104715120333
5731368420910393450784703339850819964365704763320523624323969836391898763254519
1875902723299015854990974678859186883299119319620354048294407307303987275754283
4161580576270899537226352732702606713850943068682777700276473487043058367836935
7803328001597228525553574337754263284728816572490568413287224118289654506508551
6381729067094911320603375506858039871930217101572339069611832051299769810141738
3450924052780468060230415852435028453221433238430488349971730895806172517240211
6394328874675856215520079894663777700393428384609681288942212002444614647625932
3879046062613721221857665752230311026863108349987550390707238164101054595472411
5881202178113675628711763301336547871814007128313613853069324876283903142643177
2477264746014333706033104427846298788997536695758626057970515439815081217360594
4845892818609067774531256886459439681408822826512782065965400309167635207014078
902793824353333237957857092301569307026202693192167059498360717762125584560417
3810148812165158699961233521103842261524858651418843107613135542499671647456953
8161142039514171916130932045210166099547249090960214916822576807212325516197446
322091633030114448912806354550725937578009497462262065789266329310927038170131
9062939922331394837703802861333334474491055267801171045774544065672594945961021
9134822701846575047713258970751212143222915717620954616587054232026301315448373
8764022343454271914716851600110204793037379715503352890948336564409851330775404
8220343267628759664535574955914838718039909813974790204841049883992725630223762
9439136873696300254639652674407742396349131893546345583914463744942760282698041
1683533921815550044214213376664425635251909717600920950838035421529404191564165
3559743589318458064901666521861665966214626244633243513625302595271186901209281
2747200149129000423064677327353827938366341464096211189997077897891894016827623
7411208081222274891639943341785585991522272718556892561750673761439821836158442
1775221532251131565919181697921554761050413937632823258204983563772888979709994
829919379447450573791651729320334048434036314252616748293530879577313098138013
9055445583514106965542904325330529780108082666081823099932347295205464567900551
9542688450843154699554689013227864162705131223986062746874101431566601195467073
7738838117831940249386501828816015402138356118925416146008387381452397909191626
2046403100429586773613907503813455990786836037076509710055117916686625943374077
8322387787536918545433356608703012541641710985255975313607672989897202018897821
9477904523218733066014641179608341577451239463966619524187385928181332757693951
9382219501231882423537486932523319713600287783254608235658244982681185721659485
798444390830463779153657377427376447801991687514407359742293922921425562315825
3202460581744450049290716870453329989803180042898096996533043756836584454403501
2549503358937302931079227213840668680917483420033531637805907999619996237854311
4730535370211184179540738777061940890518965124182557369922890991982548051620611
1318938239587294794477973640138858047028925075883598074475301706906395679081165
7847898924018737765163454793282398047600745301221044412197483806622724275013951
1077000196335027529983922397301810613726928618875600159218769411378318916402688
7986809403123426350764003922531644686896943924573683649449988189801207872079902
9311141117042617313812246949820795141024276233976912441264545782321018848616501
5644080841553616947784828154024631332655979057466279147910383192055730426118984
3154984782193329185962672059355685219311938430827593429785746165753679811440823
3399636532082090855985982984591324403495532389511196853274198207301732667571779
7595637340455829015309512476202619273818140978947656171435576813689947491712602
1459060745028778838537225961604000446802247128763007701102924874648337900802936
3106797228333095967672647856333060174237469212647610399685511668512488049352734
9873355778835611297350738136733033182674393026175724161532396148581316762877738
3342382811519511406896176148419587304954511365100526699675860735443281597433088
6731830424216168447988595579412782969552322638381486973201778964974369560500471
9503888256510164310750585343564794069157466130018113028834363524661659832131191
7818438061446361170250186816215827058144106383866515592313300963448410920291106
1413518785762756253840874643462241655564613885277080730587410317843013170394358
6590331069743525189567259744369722151124401016778674653011256145770789073134813
8457627811711556326660996212900639845521594210593629771704597205335019871155451
5200118640390630435380876899266335510941585618502437821610163950140468935772781
9192596551592929426840519808850076279342323773173247418011391101493742090885441
3401332723860439805573879433032465804530039798235739119294383410966333364509034
6205401421846501640345664906400993656617728429513192721918782732242870493842702
5928560727883317233914998056582516508613494391291398499548281467770547940046648
8336229849823450091815656529210039548474241268925105192502618780340088988404635
3407940094335984741574882405988776260276267025421989992117729368206540628760261
142510616225754829931719881227562641374793163578755851999485689781902247903112
2087166138933794927442459336443882424798702894562297494856670948547366591915543
7205211089522753497164767942911166788685303087291426401199044907359785749088651
6700754370895137459879819765509714237589451527732058117099376970774213561901773
975780646123168629599299330989077741444382872899896428301036218088056221984281
621479685964406965218712790459427517696926302912481046702159865267817548765287
2608011205041296670835150860489473110847619237996679212576813782337708994645958
5056241054988325103507628862578170365856638397307163400300004071912793195775541
1852042671564912181428754957048871598176307697544005914327185879372323748312901
9324692548285140550920810382418564458881451155873176293740512465921291001997474
7932694429209174528577496982634211684930554154037791215960112898227403012789694
7664456091540476911846144212480334641469043718299019848394636666304491072057689
1320230238587807783525415233826623012232560660455924561188208409923987373145996
3358777713640542129525888963567419816856485738513395734751907651541271630878061
3112576756789748521940248271818463327269577697807158701859944738251753761137281
1968501583014356151853400572509725935956988748676346790694756726739338744494358
5005679276569545948580259001427456256204760426467872190222206618946853146096378
5129678944510624510172371176440004903996073400107367216583943489282829507117789
8910628493606122372688138167884676689998296391350997630466667674302138732451621
8193880979559503464883960064754404367221734625470019268508367101281982530165513
2564662874205361699716701435510113513237691544037984072316816219843622108524631
414450863906354533171068909639612783099924065743970729838191319823034896211321
2456121867847431200423538525529915651253861038950019388841326665142793347035941
7749960513468349810591178498067304088610989563390891189980994356197946913219897
4021096716491436448574535572314178517018858593235648088203137151238424126816187
334945603981508547244888902108464110820926036583915598689249652414567790125011
3363948899212159026157931638659193895813206061409895642286522446207391766227771
9766401768907852968889993133458689829866084760835696189157479904112642470465581
1767320484934166252714284548179614166368670766116473615219279014585887895884987
300808505866726221095223943963918239524656229154100724189943751297729983172792
1105217899232075732005216338013686321668029971607364742201912060496118012895606
7174718069895774469756775353869613993841474794264717333557738846081259957349172
549510579078794941220732228599563302615859714536449443431967913821436341054163
3311764134474390892243195946840547811844601923609085173925940467694146302050152
7079769750045144950940927979288277772973918276762025002162557778273896332607851
956857331283881633594886942674783652146322189036366328444316604049520711763613
6835485803948067984178839606048771949498936024939356177298414360461267514683346
4955230354871847255624071393772965491658731099504313764115550717681503384686222
1374838135118620737581766007802391918294490740264547508636409672358652781265298
4437742664756126575672262820701058709380748052631000242620561857539766578672142
136310578884652316239082246190148701538355787309798586194809436947920816422692
1891724351879306036555214963722134516586417924059248710969160683659772661064122
8918302824169211430628400895126904692491410100178115244561383033602970805919685
1744591729459756631872419810596041419388122108063656032667981706016564083982813
9632166716684806693264537278998277607743540055838144642522474383124027209871162
2975043125410675831745163827246759159665410206887801051608771919526487880844786
669818159107579410181540145964372297199879265324428614694881561887308790661345
6257246392989725618071926753453715988167165989443071854733786614981781856987181
8109356045497576690754275837329153642126576809466899369832922196687708877490029
6060846916987545099559376879008962523433553580293624833984925849982095862889221
9038345373386305326334317549704973808853070974921151668709659548951660308658866
9028054120383127464137080891472979434063881887594998391654767629578700903228363
3951113783862348820753713960195343296321552439245125696018289137087928119007953
1930405320789927286409427593701080929428171826171676756313236280689484948642729
5328143528772882209827534239617762773444058073219717445159087015383689634695817
9650582416684171345277580807851305482361426339461802926700599336759950152993481
3833234549521193015259823513846886560281823007250834363574403629228747730507007
3036973315756529973170939700772642194649326007773777318800225502080573222249486
8800349515807468586841795144141714299167876987099929139522437091528705302634766
6307969593210670556092832856453710416464912578078176012082817788607879906116872
3160297098494397104994993665508747381278599016702662102195759984718202279064799
3707532169088543776673719484897721864895810469404260761858049871732524635457399
6263194835214400395141343142168651783916240024035641261140442426137157735737094
238088490846787653020365570582070604331457453467124223838152579559409951978829
343523462215903707651512463020222938784663345939040631313556762315835904703585
7661839643910822302348623359554405887019952209062301974342708798768342619658822
3497447888583481917540386804405304386427770545405729650268718077597511589651796
7277076039306097897859861948838879604055059374540927852363826210358608958948372
9823440562777269287918813897273225594003255558540687242219314778723148500654614
8194744124145150851648850513746851680442064003259083973491286177563321820828638
1378950242650736588660984817436918516816464014882017679966105082066105085965631
2629591484788306519255165908906705561820100916799792571168501701307634713195842
3894287434024777537289534463136615973061087902087178233127638968294978451280851
228940991093493074831500296917344516186698934940762739849978765401314151591208
7453638271082373482100717812656191958574100456277521630471291249634922741185593
4092837503333166467069984334373598700399175002040024826411743435754333421772925
1078995765799278505820409418135695769614782506838302065507324735786361960009131
432171253613026524876854407235169074035384783963347848479097881121989904398312
5538397501943274415308955515461537485770936300659807597360912281361866117872722
519980091063712595612315485705900481997885930430802749373184264173392536445172
6903228314496189246600985885379485919174601937062542856270047165382415077994441
2618606357430157634011268538899559510013069380848539939320613861125136323667542
3372402412116919821244269382077214034387321798326517067222746139779305930106151
7296421325306206820914057499716187843843325696177497641991384256409792733082091
7156875307312995432218568693379329392473855811426692580228760309680340204066724
5224772346113252896421891639719853101330871182563200144855455590811526291165253
4340390170704899813634658512212506533767162741700141446706219438632138501195151
5333478955455588192599268066435903125846294080750783388649162973236262225492732
1059476245933092875885607872613060797271198170360260327071814894954880701452681
9808443350078108976023926965137361366907065675262774825708643172561680368102871
1506912226192674340444116468743761887368049725864629891029855251761588687931428
2411581163533240022657613615534593055978609357926458917913515938738415071187306
2851315006399876015229906150566235294214691139780038977630243780439575100203566
3452023315765348803877628795953622331815683984514185045891661473197931858281553
4148464444884148920488119170096780763345191755199286765856402057145854338092042
3296049310805467327014225213185231721180639681403168665225754660481799311469051
5468791827130957233054539768124431610899687869864617146342257497826475171433151
8486515197713141120814064648717587460863020569756356575285740903396003341482932
105012576421855758970438226403090777265176492896662826953409200532788892377391
4140768802392388165655761394049433984714669596400493787941391626258944966480361
7952168051720052805981913670144941988847499991602558910161438965585204409681841
8035994390983606130065635852334566223564694296360503512548513954566688192421101
6767269818246269886966904030549382211922753524085710873663469957956398462403211
3463986520594223395708186571324221369884462113013464901078541015149168699434102
3557737433048585786219433276609926644017403537083895597810679580918490833947842
511571780922020744932868336283635146368072672941030063743074654095915639198423
9704373993743078818702502787706339617375397262495410782466877383707518125267221
2608382356502653587927051089076744036481377980689769719174730848409504821657047
1133363408096350348918018154879067339754497042581424317063246178481006898487541
4964595374250478479153073172030277761002276967920835095732613637479533969696943
4971486449630208740228221983336760477197224539276199663971819630750420241575909
8893161991357148149730011936631748621075205398923383913647529189390482595972229
9107787099370957810963319150221441710297837849401982757915600964441513527924903
7687440734438262932499737046612825363734483533414209872756549736649243113167293
3303082899181505659495995689677000685269715224137961876985867772753314620508027
6351085908351125710866319268065585416487096495393198722866160753313609747495451
9546530835135911532894335321642352165290229311452440094703134029839106035777601
4068227498506693594212652080851139710803433149381357644858769207838536858717826
3433644905059204129873228847841344654459780187229522196874309394191302781081421
2037270796335072564992322362047574412938589647313104968992981464309531240008722
5013057005355960439352157538449337375633673041470916750913665146944891180561321
3602967043021830186872432783847682027389599479385210931917733053132041426632001
8541991967595640459422656704567023074678063290180629078289586781642250273046863
3243372108562325422973240912638310004609078655566842081900871413461341945918602
5625290525191021679513362116200052082158469240295526517113305853941101793518821
4957324229813607211556314705114585850546147876629054953500281261534746120582713
3153717471076919308823883640293772431719906287000710686977888330010309469043698
3480978532398739988059626296340399410520992397512137842673873140084879186752379
1818673454863371799773503042297782827189498982453873732985735708273450522422162
425451661064695359537204711884753232128276329011861637407759508474642851568593
8819977970999008306892521886011293677827169083530846929212594812293155961313491
3783746498653131408379876670323003985661120061894925812640171823867422655888482
1228707342144115521745035867698626877974575982872094132424294046867887497874106
2807841328726041256501911797659151420488277621098275960326110999615680881403487
3633441127629186093711226956267487879943655897353795887938010967148188999695403
4307285625956557980592120956494338970471201730797967672561393423677530770430104
1784080818763664518913605499880158135059885995434591122579747213260640075408912
4828248300806022288995733978995205461388933892760232128635758418785193070796623
6879431922390315104441746400623139243334129608123619817917688766395950743784886
5338239235339066799256222408268829635056954484967523384849351575814077136424732
7016487542446678022392818331495337494765942012501897978097991195160869961329781
3912633671518156722582759318427831549625777554051859309119505086847652135991982
6964033033914512618851206427839666042729846633514588217363239615432531804897048
3912100250607632093985865055478674378689308107762371060301080716599213013292862
7455533667334533025775422294088237078076879119168161128620575653867708528256938
2669584870521876046767572473037617061849837455467591910141734752867328175426035
3635538113496552365616603091318967498473750940694998501014976917509532268838381
9882053714537792023246195548429854982458028078745863842769126230995541506453304
5169851947580517822758496740893110907007178089661828000231721181564707329021888
7630570613049918931400015478051965090134759764117959082500570466315948835983631
7715405856069585597645998397380205498115752007043492230169663638781933819122966
2140685824455025562639956038347899945572296236777599610848725204859455766954747
6833298041079815602268463077231445368686824129689388993772440395664742197280202
1244948909464880617323209559830612302004746975973967849524807640702874977479122
3080069722947210552973771015749870718400137329606251847686587642671821120663498
8967387280190835543501238844280342462520077872858774220343002537398490160234867
9387124826331788130188253791801731275174834137753115908993085274726831456742633
1722917942879199795347068759246908636973500093512733215549428193456155210382135
9598855240522052782090403808472334809537274188803199457843204100109205637684032
5690413065315875461885618362789363028543553538767426366146391033648314672040466
8739563268321557660310834414545940249905257071388897652317667817702074601099553
4614881719228466967361862595088728091665210017847823309434435603342283084459952
8614856592827979251509026115095032039174965326843843561089239312202748677231834
3512287717661037964618240730570854083711701892203310587748986275103271444451522
273652867118584357629662701851792153461777795782649044056692280959245228396582
5805049084308482419994030957358624235043401481871133238608009865550410349405532
9398559543061795914017952867731295767927243772091902948128036799953529912965434
2495204177633830010599992476011976067809736513893547918598079854169586803097735
505381030261224734503448227423901823392086632363875733521302616092226828635539
5581346755272308227365939969372262230006491337318688166758054182679408349986801
9423687291174907616917357290935328524223489901555145818627433650452301376253392
9841432882405145966301142209625620099383456243243841062505876787987683757243255
535376935035860394037268431481220743608886669907299473639720896977126560282258
9587538482908395029146565320633327865408322908739791299850192888545339993264391
1030127073262654848761571381343028623318612870582957638244479594192535848252656
7550379722491478747483704910690493853887080989757235250278036966011997135755431
5413319126724484142574899995323395765676384946640608376753663281865896077621206
4840713116382293600077842716702390425091209100964294473574032762957834318090612
4160988639494480874834089888516851732749887355386315842259866141789764455964607
7916677168792859929058648859125234253949721139790365353775107982539277131485551
6979873727619800635622850584663335897180298187225686427998079264999557114600769
5434964100090027293626688199942376736439093578509916777628232238266643158754472
1900663077796051071754489973716962479997689340444191944713223665840019662888422
52771355195334702703889614472941830111189307206193817024274458886326956942516
5928247909751883763215670440780634189345462235756678649658320994375118725784761
1145636361710681115850154156289322541580574577818054507379176978429281529121635
4294552089043172964162992368438253864322853882298704778812815718215396415464983
6732116959529348387158792257030466547574882515524592130922140594232133103293312
3014711675511172382341754330176229091710879248909289730455458319817811806212191
5515100305162090073111686973232902747395691422064045655678030862125271824490026
5948318032950640222664457136207618207642683393244097590485660565900135659533062
4458911557477603787545200871932958473209612717399829794753583511284823893155455
7053296056307725006736406072077206673800176219921006422539699802688495023266013
4997170452605183149326757825609851186215418259508716765728633254596104551437403
4826211565337785961977082281639826383567524929685393763498927022129866290050179
6266575050903537655426298768598121582254504207978625510411162628055612755885586
202108788349856931406561020665740618511041843299239444876724630906439764409339
8037344942344175571442066995788415648350281702371084884353453994800718269327311
4118438908769006271311042326239648809833178625491231725979339165267143941394211
9399678293779330801114233792317527282188552156032169932088790344320704208683041
2362555982593184368040613033416545150580440109562657106828298141392984608034835
4887340190277561847595863202484600862169302845481830443281347644210847646777145
7640590994339604745993131191028925703890141893085468229889435999327438492545777
4879278871353837156741132508302649514574668106154686961724124739812293181260876
2878407071865260566300275230544632801896664231947666415074036006121845510518467
684194793211534609932122837911612863912134648356151337254227923674039570114093
7400759956598806375547233100405543977067065710141370717162650816134483496008422
9986705713863922023765946053187857197488384936000364713447862175951437159409294
2188096243527715404950129994258250850343041191079089673954206871548586469487689
1093808622173011311064771481857852209707687832954196133420675099160273201375152
965438027626002790110279362239362744657787029091529645974565068970366275931542
1568688424889028559984180498031947196782375951071582117858613378635006854764307
2431456203827404215112621211725351726564191144240278079165483528310782461333209
3486002247599551516480004162979110197373207471437043067001866932753130986112227
9265769689540475756358238596299955930420585329148376073244351456428442667810562
3110815266775182033971285888506528275999347675929340868587980032261803846064664
9913907501762246834462595589402722743292357661807121303575971402219988775676848
1102492147373963560308502285468273789316522505729478484175399091535245334761719
3266086444540577391162414925740987426801140996957956604871639631592938278013562
1132537564047359385850605145114151743874475073590711693916902980135376814621831
388573577875268089300495294689585948143385680950910155362534188030344381751743
3010547271959907154495331317002889338375163873130378823395986483774584714257487
761936527244998511337536090563323863062053371576082435982100440607358837185116
5606069239372603731549388021625463807019554754813946603730638050851593512954956
2665368290144362095460213106242174159386786939212054851475454074173413077806603
4112523310042697098330591072543468134387700137942985197241497306913473996559081
7457496117645627884014086277146216992798704122226017995221638953324046313383831
5025212466938342514366296839957075222823874044487952618191019652594357049220235
2192710787086422363123294236865444890310797677382375178343816804515993418396201
1479773754108968775029472156018273487119599418251399874581441982131834932929652
2417409671216260369086912742729499197928419764825479642646999375925785653644305
2478644744520731383264551450479282546282519553804873123069069410308952085755186
5351512225400076216920185722096277172549422856102045595790283865733314236172578
9752604571771272562889975553832220560108812142768088897266899863489558613846291
5015033879814328026261312609330988245768298008967257125740301235650161869504877
4240132565348611078973378474064704241256398391092191856385202910646435406236001
4222789725789357397131387292987524715471211126011479301410681655424521117248781
334468357089874346826397118943766238292239796849436308293951750477875615992081
7447264813671577031485973420483793525220253626819009757906577395466126265602571
2831594818085723418142445641184642702980832146517049719174263215568399557867425
1488987513529908509097842157745975923108062376738392415348066823842994893863133
9289306803061143620783897031269251419626728312737519938898689074879640323686535
6242597446050141410097970336221769796517963480170624010842583941537851451644874
4264185917820425718017673084692847991689950157411299121981764315031397008977898
3859082246824821731309760387822592608363729490462275551301474171742218597477891
6911484361202507993792121114963452913854032541070196728071382152325127381555237
2960130522799448242097229504196809520811976234697412437057545225254549184127842
2288866516846391230882479017560383782584060353257255217578293299449208335545615
3411675977458098175296368077957073542683616308746169838265134294997700332346493
6682103696487536593209504452426121224606987217936685704622179875680046146736312
3392369402857728876367814098477639639472902912321353682430209702443840629274771
7119866118098971420113655831222029442395097006197404201841613340723102812158102
2007531245573636804645992115982118787340968764912975107204570866231879612847433
823823206700751863576484055481876635365763688582993873715223374449752999123601
7131889052653958976110654472181967069928001586966045003578143474024642416299341
9567352857908688026434665275623614236233605538475397537087739489966023870444043
4399119493813679800144863470811343243255573592484330730061258325683104852665246
7547845018595888337383321383227373966101275829259033201952831756199431938924172
7177881682366274128247619784747292933793099080628838741666275137939999844801006
6854596002851769071229185649275905897734214150027418496304491168622931480740363
7558352868644395364285064925603952809918975172864234895470650258097020611199822
6324994990738850576291321952122529610134595847495684481277158413635098584515806
4555532389382278993050418105628468831765690234799545721330483780538996802174201
2058487064740431458516547914134477664920510344283023396245582321313177335839483
4282774207909038431705238768967458258480111682310527848604866054104729366906631
8792236455983025594870419910919432942137514656043298035262758769421373186116702
5595054898553248245335047538234994879014358352799350710038442886773005317350672
1818815129260835427361715236289020142884510959047825961724641307534014657736003
6547649572245308147390310359636819755132130635578058172753717014849257446371693
1326443706236419615238038238048522255021875032034569627597441659049457285828441
4799536419825991158841412212840207761267114667500983735045410407647726409116861
1696049534904750001538334132374422680993012795566659996240695086165654258326846
2818351008315381725244134133946439623716109378936992911354354780585032403369691
8743386484118638176031314227898335802624532075128055267915871473264407949191613
2100941856508551452735871871279616497991300820228727449599537319492344029390162
8757425783837686078327553238373657071161820917816323235581285707895972914845761
